  0 -  16: 2 453 939 900
   1 602 415 - 7 000 548 543 - 72 525 - 35 784 - 2 453 939 900
  1 -  17: 2 454 003 892
   1 596 244 - 7 000 625 909 - 73 023 - 34 549 - 2 454 003 892
  2 -  18: 2 453 683 391
   1 569 610 - 7 000 588 104 - 70 450 - 31 980 - 2 453 683 391
  3 -  19: 2 454 068 682
   1 579 827 - 7 000 577 663 - 73 291 - 40 638 - 2 454 068 682
  4 -  20: 2 454 093 707
   1 567 577 - 7 000 675 896 - 70 814 - 34 978 - 2 454 093 707
  5 -  21: 2 453 999 111
   1 576 446 - 7 000 646 760 - 73 439 - 33 818 - 2 453 999 111
  6 -  22: 2 456 041 959
   2 136 023 - 7 001 100 593 - 118 910 - 40 025 - 2 456 041 959
  7 -  23: 2 451 060 783
   1 965 936 - 7 000 355 966 - 100 900 - 30 397 - 2 451 060 783
  8 -  24: 2 453 488 351
   1 467 329 - 7 000 410 910 - 65 290 - 30 578 - 2 453 488 351
  9 -  25: 2 454 094 646
   1 625 964 - 7 000 570 703 - 74 541 - 35 559 - 2 454 094 646
 10 -  26: 2 453 926 706
   1 514 236 - 7 000 535 405 - 69 201 - 28 948 - 2 453 926 706
 11 -  27: 2 454 025 807
   1 617 080 - 7 000 595 841 - 74 861 - 35 856 - 2 454 025 807
 12 -  28: 2 453 840 227
   1 461 646 - 7 000 580 814 - 66 477 - 39 242 - 2 453 840 227
 13 -  29: 2 453 858 415
   1 514 306 - 7 000 573 911 - 69 167 - 32 709 - 2 453 858 415
 14 -  30: 3 003 078 367
   7 001 762 917 - 318 399 - 1 000 070 913 - 34 864 - 3 003 078 367
 15 -  31: 4 005 021 243
   7 002 959 606 - 354 937 - 1 000 146 272 - 38 350 - 4 005 021 243
 16 -  32: 3 004 017 538
   7 002 288 394 - 306 921 - 1 000 111 525 - 29 155 - 3 004 017 538
 17 -  33: 3 003 120 053
   7 001 851 495 - 351 287 - 1 000 074 342 - 38 254 - 3 003 120 053
 18 -  34: 3 002 992 658
   7 001 749 261 - 336 607 - 1 000 071 938 - 41 800 - 3 002 992 658
 19 -  35: 3 004 024 113
   7 002 339 986 - 319 845 - 1 000 111 643 - 33 091 - 3 004 024 113
 20 -  36: 2 454 599 529
   1 895 738 - 7 000 560 985 - 97 449 - 31 525 - 2 454 599 529
 21 -  37: 2 454 421 216
   1 674 349 - 7 000 695 057 - 77 180 - 39 660 - 2 454 421 216
 22 -  38: 2 454 813 818
   2 026 939 - 7 000 567 733 - 107 051 - 28 105 - 2 454 813 818
 23 -  39: 2 457 103 261
   1 702 459 - 7 002 154 455 - 87 644 - 59 993 - 2 457 103 261
 24 -  40: 2 446 644 875
   1 607 100 - 7 000 410 101 - 70 443 - 36 251 - 2 446 644 875
 25 -  41: 2 454 473 164
   2 010 144 - 7 000 345 160 - 103 899 - 35 477 - 2 454 473 164
 26 -  42: 2 453 631 920
   1 560 349 - 7 000 427 749 - 68 657 - 37 949 - 2 453 631 920
 27 -  43: 2 454 047 458
   1 554 694 - 7 000 585 893 - 70 553 - 33 883 - 2 454 047 458
 28 -  44: 2 456 081 087
   2 151 195 - 7 001 305 095 - 115 121 - 44 381 - 2 456 081 087
 29 -  45: 2 454 065 521
   1 590 808 - 7 000 579 044 - 72 083 - 34 345 - 2 454 065 521
 30 -  46: 2 453 865 298
   1 457 659 - 7 000 619 834 - 64 907 - 35 174 - 2 453 865 298
 31 -  47: 2 454 278 493
   1 643 504 - 7 000 658 619 - 73 039 - 38 949 - 2 454 278 493
 32 -  48: 2 454 130 068
   1 620 201 - 7 000 629 393 - 74 491 - 36 635 - 2 454 130 068
 33 -  49: 2 454 405 610
   2 052 801 - 7 000 577 328 - 105 403 - 34 133 - 2 454 405 610
 34 -  50: 2 454 189 452
   1 689 618 - 7 000 571 121 - 78 437 - 32 853 - 2 454 189 452
 35 -  51: 2 453 891 072
   1 564 508 - 7 000 554 194 - 70 534 - 35 396 - 2 453 891 072
 36 -  52: 2 454 218 861
   1 795 349 - 7 000 414 749 - 84 462 - 40 118 - 2 454 218 861
 37 -  53: 2 454 854 197
   1 575 838 - 7 001 033 386 - 76 116 - 48 449 - 2 454 854 197
 38 -  54: 2 453 869 557
   1 495 738 - 7 000 590 457 - 69 069 - 35 077 - 2 453 869 557
 39 -  55: 2 454 722 513
   2 052 391 - 7 000 482 643 - 110 132 - 34 212 - 2 454 722 513
 40 -  56: 2 453 911 762
   1 505 741 - 7 000 594 753 - 68 375 - 32 935 - 2 453 911 762
 41 -  57: 2 453 927 067
   1 489 669 - 7 000 571 264 - 67 475 - 37 557 - 2 453 927 067
 42 -  58: 2 453 828 968
   1 463 259 - 7 000 579 788 - 66 972 - 33 986 - 2 453 828 968
 43 -  59: 2 453 880 665
   1 510 639 - 7 000 612 065 - 71 496 - 36 265 - 2 453 880 665
 44 -  60: 2 454 519 036
   1 776 179 - 7 000 572 457 - 85 503 - 38 264 - 2 454 519 036
 45 -  61: 2 454 747 169
   1 975 297 - 7 000 570 049 - 105 400 - 27 016 - 2 454 747 169
 46 -  62: 3 003 460 596
   7 001 964 252 - 349 566 - 1 000 078 700 - 44 695 - 3 003 460 596
 47 -  63: 4 005 128 137
   7 002 971 157 - 339 812 - 2 000 142 551 - 41 016 - 4 005 128 137
 48 -  64: 2 036 522 918
   6 818 039 - 7 995 134 118 - 64 692 - 37 874 - 2 036 522 918
 49 -  65: 3 004 096 213
   7 002 370 526 - 306 338 - 2 000 112 272 - 31 510 - 3 004 096 213
 50 -  66: 3 004 041 300
   7 002 241 357 - 306 339 - 2 000 110 314 - 29 396 - 3 004 041 300
 51 -  67: 3 003 968 854
   7 002 298 249 - 297 971 - 2 000 110 455 - 32 080 - 3 003 968 854
 52 -  68: 2 483 308 093
   54 163 770 - 6 948 291 124 - 117 172 - 29 802 - 2 483 308 093
 53 -  69: 2 454 621 250
   1 661 116 - 7 000 971 683 - 86 267 - 44 617 - 2 454 621 250
 54 -  70: 2 453 744 794
   1 464 807 - 7 000 581 566 - 68 701 - 33 397 - 2 453 744 794
 55 -  71: 2 440 257 154
   211 343 101 - 6 790 720 474 - 60 024 203 - 34 019 - 2 440 257 154
 56 -  72: 2 497 781 744
   493 628 002 - 6 508 564 473 - 155 493 955 - 37 784 - 2 497 781 744
 57 -  73: 2 453 116 790
   1 519 274 - 7 000 602 563 - 74 276 - 33 930 - 2 453 116 790
 58 -  74: 2 461 092 884
   52 698 712 - 6 949 503 536 - 12 866 052 - 30 287 - 2 461 092 884
 59 -  75: 2 454 092 485
   1 601 210 - 7 000 572 180 - 78 247 - 34 055 - 2 454 092 485
 60 -  76: 2 454 806 530
   3 849 464 - 6 998 324 081 - 535 366 - 31 127 - 2 454 806 530
 61 -  77: 2 454 006 513
   1 557 174 - 7 000 585 243 - 75 134 - 36 914 - 2 454 006 513
 62 -  78: 2 474 698 961
   82 980 977 - 6 919 007 328 - 13 638 668 - 37 649 - 2 474 698 961
 63 -  79: 2 453 528 922
   1 469 174 - 7 000 432 303 - 65 027 - 34 321 - 2 453 528 922
 64 -  80: 2 454 608 828
   2 073 565 - 7 000 374 709 - 105 806 - 33 228 - 2 454 608 828
 65 -  81: 2 454 168 005
   1 690 712 - 7 000 609 204 - 77 264 - 35 658 - 2 454 168 005
 66 -  82: 2 453 902 045
   1 650 469 - 7 000 624 407 - 79 742 - 38 513 - 2 453 902 045
 67 -  83: 2 453 914 632
   1 540 788 - 7 000 557 157 - 72 497 - 35 971 - 2 453 914 632
 68 -  84: 2 454 851 699
   1 663 640 - 7 001 016 346 - 80 288 - 40 845 - 2 454 851 699
 69 -  85: 2 454 701 104
   2 039 025 - 7 000 532 615 - 110 308 - 31 031 - 2 454 701 104
 70 -  86: 2 454 623 103
   1 971 865 - 7 000 493 105 - 106 383 - 29 912 - 2 454 623 103
 71 -  87: 2 453 870 914
   1 566 442 - 7 000 542 823 - 71 433 - 32 480 - 2 453 870 914
 72 -  88: 2 453 855 102
   1 555 020 - 7 000 520 866 - 73 602 - 30 628 - 2 453 855 102
 73 -  89: 2 454 154 938
   1 567 699 - 7 000 532 222 - 73 807 - 38 571 - 2 454 154 938
 74 -  90: 2 453 787 859
   1 551 035 - 7 000 469 542 - 70 381 - 34 246 - 2 453 787 859
 75 -  91: 2 453 739 959
   1 591 897 - 7 000 414 167 - 72 951 - 42 903 - 2 453 739 959
 76 -  92: 2 453 432 764
   1 451 847 - 7 000 403 754 - 63 821 - 32 829 - 2 453 432 764
 77 -  93: 2 454 017 434
   1 606 938 - 7 000 636 567 - 73 054 - 39 041 - 2 454 017 434
 78 -  94: 3 003 215 367
   7 001 822 874 - 351 969 - 1 000 073 997 - 37 643 - 3 003 215 367
 79 -  95: 4 004 627 951
   7 002 513 149 - 389 244 - 1 000 106 045 - 45 282 - 4 004 627 951
 80 -  96: 3 003 254 593
   7 001 857 760 - 353 615 - 1 000 073 466 - 42 142 - 3 003 254 593
 81 -  97: 3 003 167 817
   7 001 840 601 - 337 127 - 1 000 074 311 - 38 084 - 3 003 167 817
 82 -  98: 3 003 031 230
   7 001 728 857 - 356 519 - 1 000 071 477 - 40 610 - 3 003 031 230
 83 -  99: 3 003 318 952
   7 001 869 209 - 328 273 - 1 000 074 897 - 39 372 - 3 003 318 952
 84 - 100: 2 454 155 235
   1 627 939 - 7 000 642 394 - 74 258 - 42 234 - 2 454 155 235
 85 - 101: 2 453 981 358
   1 549 352 - 7 000 622 794 - 71 541 - 37 575 - 2 453 981 358
 86 - 102: 2 454 873 678
   2 064 989 - 7 000 591 205 - 108 367 - 36 312 - 2 454 873 678
 87 - 103: 2 454 809 269
   1 938 475 - 7 000 589 422 - 104 329 - 30 202 - 2 454 809 269
 88 - 104: 2 449 423 455
   1 969 833 - 7 000 501 963 - 105 241 - 28 602 - 2 449 423 455
 89 - 105: 2 453 926 960
   1 555 465 - 7 000 581 175 - 69 455 - 29 585 - 2 453 926 960
 90 - 106: 2 454 242 080
   1 682 444 - 7 000 565 432 - 80 296 - 39 719 - 2 454 242 080
 91 - 107: 2 456 537 318
   1 721 156 - 7 001 775 383 - 87 242 - 62 904 - 2 456 537 318
 92 - 108: 2 453 542 148
   1 558 591 - 7 000 455 511 - 69 196 - 33 420 - 2 453 542 148
 93 - 109: 2 453 476 134
   1 494 711 - 7 000 408 016 - 65 284 - 29 608 - 2 453 476 134
 94 - 110: 2 455 420 449
   2 087 896 - 7 000 818 315 - 112 870 - 34 931 - 2 455 420 449
 95 - 111: 2 454 887 347
   1 593 478 - 7 001 055 882 - 75 094 - 39 487 - 2 454 887 347
 96 - 112: 2 453 912 537
   1 634 799 - 7 000 556 169 - 74 648 - 33 342 - 2 453 912 537
 97 - 113: 2 453 941 293
   1 685 366 - 7 000 590 863 - 80 884 - 40 797 - 2 453 941 293
 98 - 114: 2 453 949 842
   1 567 484 - 7 000 574 416 - 72 005 - 34 341 - 2 453 949 842
 99 - 115: 2 454 745 231
   1 661 171 - 7 000 838 389 - 82 188 - 46 721 - 2 454 745 231
100 - 116: 2 454 403 446
   1 637 221 - 7 000 670 302 - 78 706 - 35 782 - 2 454 403 446
101 - 117: 2 453 825 295
   1 495 704 - 7 000 516 712 - 69 079 - 37 270 - 2 453 825 295
102 - 118: 2 453 964 294
   1 590 119 - 7 000 555 869 - 72 487 - 36 548 - 2 453 964 294
103 - 119: 2 453 937 582
   1 492 513 - 7 000 566 195 - 68 366 - 34 685 - 2 453 937 582
104 - 120: 2 453 868 744
   1 580 388 - 7 000 540 405 - 70 178 - 34 426 - 2 453 868 744
105 - 121: 2 453 671 034
   1 455 080 - 7 000 434 094 - 66 034 - 35 240 - 2 453 671 034
106 - 122: 2 453 963 378
   1 537 665 - 7 000 522 255 - 69 342 - 33 006 - 2 453 963 378
107 - 123: 2 453 976 270
   1 520 733 - 7 000 637 970 - 69 328 - 31 565 - 2 453 976 270
108 - 124: 2 454 921 461
   2 140 755 - 7 000 525 378 - 117 078 - 31 731 - 2 454 921 461
109 - 125: 2 454 146 830
   1 709 945 - 7 000 538 153 - 78 123 - 39 018 - 2 454 146 830
110 - 126: 3 003 735 507
   7 002 030 056 - 343 976 - 1 000 086 733 - 41 544 - 3 003 735 507
111 - 127: 4 004 005 389
   7 002 209 022 - 370 930 - 2 000 089 230 - 39 337 - 4 004 005 389
112 - 128: 2 015 697 892
   1 332 295 - 8 000 361 059 - 60 149 - 33 699 - 2 015 697 892
113 - 129: 3 004 299 188
   7 002 411 898 - 316 459 - 2 000 115 515 - 33 035 - 3 004 299 188
114 - 130: 3 004 175 041
   7 002 343 203 - 318 088 - 2 000 112 065 - 30 834 - 3 004 175 041
115 - 131: 3 003 379 189
   7 001 884 640 - 352 883 - 2 000 074 900 - 40 560 - 3 003 379 189
116 - 132: 2 453 955 731
   1 492 308 - 7 000 731 931 - 72 185 - 36 597 - 2 453 955 731
117 - 133: 2 453 451 036
   1 415 724 - 7 000 454 256 - 68 627 - 30 394 - 2 453 451 036
118 - 134: 2 455 784 444
   7 184 748 - 6 995 158 354 - 112 694 - 29 494 - 2 455 784 444
119 - 135: 2 453 614 362
   1 493 466 - 7 000 431 119 - 68 865 - 36 097 - 2 453 614 362
120 - 136: 2 449 347 627
   55 026 790 - 6 947 198 046 - 15 752 585 - 36 250 - 2 449 347 627
121 - 137: 2 454 024 488
   1 648 521 - 7 000 563 552 - 77 721 - 35 918 - 2 454 024 488
122 - 138: 2 451 444 219
   4 510 739 - 6 997 637 765 - 802 314 - 34 593 - 2 451 444 219
123 - 139: 2 454 018 690
   1 619 472 - 7 000 582 602 - 75 330 - 36 878 - 2 454 018 690
124 - 140: 2 480 766 757
   85 789 117 - 6 916 852 692 - 16 858 973 - 30 911 - 2 480 766 757
125 - 141: 2 454 712 299
   1 963 334 - 7 000 555 296 - 113 375 - 30 337 - 2 454 712 299
126 - 142: 2 453 922 510
   1 578 128 - 7 000 555 017 - 72 988 - 36 104 - 2 453 922 510
127 - 143: 2 453 976 101
   1 498 204 - 7 000 591 939 - 68 020 - 35 451 - 2 453 976 101
128 - 144: 2 453 850 813
   1 520 696 - 7 000 568 294 - 70 012 - 35 649 - 2 453 850 813
